順位 選手 本塁打 FROM TO 試合 打数
1 王　貞治 868 1959 1980 2831 9250
2 野村　克也 657 1954 1980 3017 10472
3 門田　博光 567 1970 1992 2571 8868
4 山本　浩二 536 1969 1986 2284 8052
5 清原　和博 525 1986 2008 2338 7814
6 落合　博満 510 1979 1998 2236 7627
7 張本　勲 504 1959 1981 2752 9666
7 衣笠　祥雄 504 1965 1987 2677 9404
9 大杉　勝男 486 1965 1983 2235 7763
10 田淵　幸一 474 1969 1984 1739 5881
11 金本　知憲 470 1992 2011 2452 8559
12 土井　正博 465 1962 1981 2449 8694
13 ローズ 464 1996 2009 1674 6274
14 長嶋　茂雄 444 1958 1974 2186 8094
15 秋山　幸二 437 1981 2002 2189 7997
16 小久保　裕紀 409 1994 2011 1954 7143
17 山崎　武司 402 1989 2011 2108 6895
18 山内　一弘 396 1952 1970 2235 7702
19 大島　康徳 382 1971 1994 2638 8105
19 原　辰徳 382 1981 1995 1697 6012
21 中村　紀洋 379 1992 2011 2006 6968
22 小笠原　道大 376 1997 2011 1802 6566
23 江藤　慎一 367 1959 1976 2084 7156
24 江藤　智 364 1990 2009 1834 5819
25 ラミレス 359 2001 2011 1551 6102
26 カブレラ 356 2001 2011 1231 4481
27 掛布　雅之 349 1974 1988 1625 5673
28 有藤　道世 348 1969 1986 2063 7303
28 松中　信彦 348 1997 2011 1664 5776
30 加藤　英司 347 1969 1987 2028 6914
31 長池　徳士 338 1966 1979 1449 4872
31 宇野　勝 338 1977 1994 1802 6188
33 松井　秀喜 332 1993 2002 1268 4572
34 松原　誠 331 1962 1981 2190 7579
35 広澤　克実 306 1985 2003 1893 6311
36 池山　隆寛 304 1984 2002 1784 5811
37 前田　智徳 295 1990 2011 2120 6948
38 真弓　明信 292 1973 1995 2051 6624
38 高橋　由伸 292 1998 2011 1472 5250
40 田中　幸雄 287 1986 2007 2238 7673
41 木俣　達彦 285 1964 1982 2142 6762
42 リー 283 1977 1987 1315 4934
43 藤井　康雄 282 1987 2002 1641 4787
44 田代　富雄 278 1976 1991 1526 4961
45 ブーマー 277 1983 1992 1148 4451
45 大豊　泰昭 277 1989 2002 1324 4097
47 谷沢　健一 273 1970 1986 1931 6818
48 和田　一浩 271 1997 2011 1513 5243
49 山崎　裕之 270 1965 1984 2251 7845
50 石嶺　和彦 269 1981 1996 1566 5189
51 レオン 268 1978 1987 1255 4667
51 阿部　慎之助 268 2001 2011 1357 4677
53 青田　昇 265 1942 1959 1709 6566
54 豊田　泰光 263 1953 1969 1814 6137
55 ブライアント 259 1988 1995 773 2980
56 新井　貴浩 253 1999 2011 1607 5585
57 村田　修一 251 2003 2011 1158 4131
58 岡田　彰布 247 1980 1995 1639 5496
59 榎本　喜八 246 1955 1972 2222 7763
59 ジョーンズ 246 1970 1977 961 3182
61 稲葉　篤紀 245 1995 2011 1951 6791
62 中西　太 244 1952 1969 1388 4116
62 水谷　実雄 244 1966 1985 1729 5349
62 城島　健司 244 1995 2011 1299 4717
65 緒方　孝市 241 1988 2009 1808 5342
66 タイロン・ウッズ 240 2003 2008 824 2940
67 高木　守道 236 1960 1980 2282 8367
67 石毛　宏典 236 1981 1996 1796 6472
69 ペタジーニ 233 1999 2010 837 2830
70 柏原　純一 232 1973 1988 1642 5353
70 マルカーノ 232 1975 1985 1313 4938
70 初芝　清 232 1989 2005 1732 5762
73 小鶴　誠 230 1942 1958 1655 6141
74 島谷　金二 229 1969 1982 1682 5630
75 羽田　耕一 225 1973 1989 1874 5939
76 藤村　富美男 224 1936 1958 1558 5648
76 杉浦　享 224 1972 1993 1782 5056
78 桑田　武 223 1959 1970 1194 4214
79 若松　勉 220 1971 1989 2062 6808
80 シピン 218 1972 1980 1036 3779
81 古田　敦也 217 1990 2007 2008 7141
82 竹之内　雅史 216 1968 1982 1371 4357
82 谷繁　元信 216 1989 2011 2636 7736
84 栗橋　茂 215 1974 1989 1550 4674
85 西沢　道夫 212 1937 1958 1704 5999
86 杉山　悟 209 1948 1960 1391 4762
86 白　仁天 209 1963 1981 1969 6579
88 福本　豊 208 1969 1988 2401 8745
89 藤田　平 207 1966 1984 2010 7217
89 中村　剛也 207 2003 2011 810 2645
91 アルトマン 205 1968 1975 935 3183
91 ＳＨＩＮＪＯ 205 1991 2006 1411 5163
93 簑田　浩二 204 1976 1990 1420 4604
94 松永　浩美 203 1981 1997 1816 6490
95 バース 202 1983 1988 614 2208
95 フェルナンデス 202 2003 2011 1099 4046
97 大下　弘 201 1946 1959 1547 5500
98 駒田　徳広 195 1983 2000 2063 6941
99 柴田　勲 194 1962 1981 2208 7570
99 井口　資仁 194 1997 2011 1300 4663
